411.77932854   5654.59070106
3260.05930477   5651.43581394
563.976916423   5658.90784693
436.892442035   5663.20604394
273.987706003   5602.57860105
4636.60286164   5537.91551818
4182.98734206   5226.77168864
589.589740929   5677.12827399
5320.62332846   5588.64889068
5320.07895165   5589.07151486
5319.97601805   5589.33904517
5344.42569548   5555.50428171
5320.96784457   5588.65551866
5320.23467154   5588.90421643
5320.58350719   5589.35570397
7712.82396132   5633.77913452
7712.59509578   5633.92731754
7637.87800846   5643.70206548
5572.11872585   5644.5636917
7688.1608398   5624.00313293
5319.97594438   5589.41087197
1329.03916882   5617.25891859
317.185689397   5636.61339129
7579.07464907   5617.00693467
2282.91775608   5600.84940181
2282.87488725   5599.7671708
3421.32831267   5445.31589855
3421.34547289   5442.33606833
3459.24528711   5541.06259166
3421.18528689   5444.27747338
3460.64044608   5542.05124618
3421.43192404   5443.60226499
3460.37968369   5542.02976415
3460.78145174   5542.06615399
3459.25871136   5541.40056032
3459.30073508   5541.84784425
3460.0156286   5542.14027784
3421.44180096   5443.27640527
3458.17635869   5535.64384585
3459.16684578   5540.72214164
3316.40214835   5538.08811273
3459.24172722   5541.40335928
3459.24163308   5541.32738163
2530.9483183   5615.37368613
2537.76233763   5612.26083637
2712.28189695   5505.89474564
2703.74178618   5521.67198466
7552.10018057   5606.74187798
2712.33238786   5505.96283828
1642.63334115   5636.86947005
7459.73803069   5620.014644
1645.89259192   5583.31545177
568.572875964   5606.51709522
6745.40985381   5657.42946197
7806.39705613   5588.24655662
7723.26333769   5661.33066675
4999.33910436   5604.8974534
4999.31492748   5604.92039134
3806.04291311   5597.14103645
2712.25637918   5505.84911925
7708.78918725   5597.10451813
315.946256023   5604.96940665
3964.65478422   5767.8095577
6221.69505653   6139.47448221
7805.13351788   5584.6711295
7574.13197616   5650.22356931
4636.97495563   5538.50876998
4636.93549443   5538.49369816
5676.0761887   5785.11216069
445.763283997   5592.68500606
7650.0751845   5593.65307908
7650.01899273   5593.63930828
5346.42755326   5393.49351451
1480.41382778   5619.78407201
7742.99733693   5614.95845847
6514.82668115   5606.97570119
1795.89582422   5583.80604773
7805.13351851   5584.67113164
7725.4811062   5575.8295105
580.559512599   5565.26365968
360.279109277   5678.34992779
5598.51654536   5605.63304933
2284.7366954   5606.30064595
390.93150729   5605.50913932
420.555737852   6015.63746884
4636.93616515   5538.49458601
384.82375261   6196.26329078
7433.60553668   5600.82700068
212.487905702   5593.60482716
197.012717846   5605.00231126
7805.44636055   5585.80904856
248.411610471   5582.20237473
6528.25113007   5597.28026792
274.028568018   5602.46348767
7586.28678727   5595.28195822
2554.47700159   5583.58794192
177.145437333   5714.52248555
3069.10145216   5578.03708021
3697.65862047   5581.52448271
1698.62309273   5589.27413475
333.099091505   5574.54003941
2390.05438736   5663.83542404
248.411610471   5582.20237473
568.565224377   5606.54228777
637.529067719   5580.8329322
1891.63341505   6152.81042689
7633.17984332   5591.79199661
3337.66375615   5540.70848337
7454.43041549   5565.92260872
676.066799894   5547.66353081
746.64117282   5653.81792814
6669.72568513   5589.92401281
3049.96617215   5629.80512729
7249.17497623   5602.66742783
6936.74839087   5571.57608084
6445.63272241   5577.58377318
7586.38076417   5595.30979259
8060.58844876   5368.15473264
537.521545759   5590.34924473
7542.68025623   5624.64532567
393.02038875   5671.9620989
7663.02760321   5548.53608228
7666.41503577   5549.46883773
7620.05540651   5557.37404726
7840.84314355   5556.07110456
3421.34570811   5442.33653147
378.775010646   5534.85170578
7577.62107694   5557.5251603
4636.47781469   5537.71682819
7048.88789797   5521.88364264
7681.34649897   5554.65605102
308.932242352   5548.95214589
1363.72837632   5555.63500445
4997.82096696   5543.25305849
3459.92196735   5542.11571414
292.30655376   5615.09786308
5427.45229226   5564.83949326
600.302501506   5595.42910734
6664.34352529   5505.60404747
538.726658807   5525.88372807
7780.1010314   5542.30131695
7820.13590011   5573.06859905
7678.32751357   5644.29338082
6891.51900003   5542.72922867
7226.63429493   5555.70956912
6278.42840179   5562.55147617
7695.56094138   5545.61458699
7663.02412913   5548.52675648
2485.27475204   5512.05258783
2489.56952871   5511.3072076
2483.57921844   5511.36924173
7836.89741187   5537.48865905
7836.78837441   5537.43679268
7835.73268382   5537.01717143
7305.32539288   5686.3606751
308.662024832   5548.8172216
4999.04921419   5545.28049025
7486.52360838   5569.21836331
-38748.6379357   -67674.6435816
642.583209436   5555.30389608
463.688658041   5562.61962562
2177.0686648   5491.53192851
2134.42099282   5497.13241725
4092.45402193   5509.86709893
4091.84360241   5511.50268154
4092.18145775   5511.79430998
647.72067298   5529.65639723
6082.6366919   5505.17974623
6082.1999478   5505.00806925
6083.36081873   5505.48848071
3647.64755713   5526.21797838
1959.54801788   5549.24292591
4041.74387753   5526.02725106
3989.82561129   5525.45778241
3073.65230416   5512.86929485
6956.15650404   5542.41705994
7723.93648759   5526.35885423
7365.33081777   5531.64293104
7366.17346391   5531.32002285
6180.37933266   5574.73019348
7638.92046184   5485.67457721
7638.91766125   5485.68044812
7638.85634688   5486.1957303
3647.73731982   5525.75421346
715.764271127   5540.83405815
4831.16041527   5652.66621537
3973.43997135   5519.09892425
738.775420874   5513.94273954
1840.22774532   5527.51006908
738.775226937   5513.94265899
449.499040054   5494.0537017
3808.86728113   5516.08788929
279.041180176   5510.91469714
352.910166336   5473.16030976
7407.22189712   5598.64524288
578.563494869   5537.49780341
6576.976143   5426.54403711
3102.29081799   5630.19718029
7395.33618534   5487.35119234
415.966389615   5506.15708611
378.79351361   5534.698723
484.388483481   5500.49437813
471.303505332   5489.00571825
3965.14593637   5455.58204289
7848.51760034   5505.08394076
645.30868374   5496.25984781
7867.71500314   5497.68105361
7810.61957772   5490.5411969
6457.78738243   5629.12540065
498.992743046   5539.30513521
432.111065553   5509.11082354
5516.34647503   5474.53973009
885.552971719   5459.0892261
358.07319881   5495.17964394
7638.93840616   5485.57092156
772.652178496   5521.12027897
484.140020241   5499.94560356
3847.08998816   5664.58332981
7119.68728093   5453.34047994
645.441225464   5496.27285463
4133.73657142   5210.31207448
7030.61045674   5741.52286808
2133.19443497   5497.22305781
4352.3401661   5478.19341795
3748.72149442   5487.21531433
4404.22910741   5474.85279068
7938.56631322   5482.5350488
6812.87309522   5475.27610086
6323.88412693   5490.76339092
268.057975946   5464.32303305
7587.59762543   5482.52410196
6137.59655861   5427.65010717
3777.32249171   5464.26012727
1718.22961496   5470.18249801
449.43644574   5494.42992326
3460.74249738   5542.06078584
7804.97239193   5469.10306144
5616.15878339   5483.95095479
3709.69937364   5473.14592134
4772.44526985   5455.10900424
4784.01973001   5467.94393885
4783.66235695   5515.22850937
261.676273746   5653.29108009
7671.60736243   5468.87462419
512.230191853   5479.06571887
357.872739086   5495.13050866
443.264783644   5354.9598493
1911.66563905   5785.79878565
1039.10244493   5441.60119341
734.046929405   5490.78340652
7744.62796905   5640.00790793
6587.00692625   5465.12351916
3816.09449864   5494.56222942
3856.78122589   5453.51900744
2037.23677382   5673.56078814
5647.37258179   5480.6911397
3722.66460715   5456.98995796
7851.79231026   5449.31524655
7804.81574887   5468.80212483
7030.61045674   5741.52286808
7762.83839856   5446.84055373
2483.57921844   5511.36924173
7568.08519749   5462.06049742
3684.49477192   5450.15707835
448.459517667   5451.48316834
6322.20111762   5498.11682453
6231.48888586   5432.4999569
306.916842249   5449.20914178
7640.66234763   5435.30520066
3856.67179482   5454.03713923
3997.56040457   5392.39263629
657.524215914   5477.19924598
383.118683459   5439.903589
7852.44385395   5470.8558104
4986.10566095   5441.41769451
730.181034885   5604.19934693
4950.00397005   5441.38374104
307.484349779   5448.77714362
7906.27536247   5457.91005621
423.353173225   5439.07016984
7638.50939348   5643.0161555
7861.07237631   5421.20188538
534.742564366   5421.51622887
3997.35137075   5215.6893086
3836.21717923   5423.97697635
1955.31325968   5445.62072229
1506.23731978   5474.77328016
2004.57325227   5464.28246899
6318.53081923   5367.66747116
6243.77145948   5436.04236078
7768.87438459   5344.89765345
6503.97384479   5460.8714173
1444.67726269   5238.93427445
1222.83636518   5371.6162782
3685.35431807   5426.80820625
981.837999271   5402.70414858
3862.66463696   5422.12314422
261.676273746   5653.29108009
534.37584711   5615.84887692
708.82097152   5411.1312072
635.659466915   5437.85473013
1165.45184272   5538.22412146
214.581295914   5635.17180729
315.94910049   5408.6625206
3995.63962846   5404.88779956
779.270595278   5617.27028158
2409.75433713   5414.94267028
1362.5158712   5420.68888022
3878.49290922   5408.74231232
490.577597176   5410.73477993
443.302479329   5354.96758637
7815.06065084   5441.50969176
7844.03064   5407.91470339
3995.86783929   5408.44512275
782.228521082   5427.6170392
443.336448836   5354.96892555
443.385682272   5354.94373107
443.404588946   5354.92310772
443.383367065   5354.94556695
443.395831163   5354.93368222
440.358333189   5354.67844802
2442.89347267   5425.88095572
2451.60009208   5406.94821992
5900.28580885   5396.24210034
3146.90352955   5408.45583866
6917.47748953   5384.14642232
3742.34546152   5406.88945678
543.979631889   5405.89448952
6318.18138409   5405.15831398
591.596384897   5387.12998257
7132.78045603   5396.95033746
6298.96222807   5388.23555089
5164.97193478   5462.56844829
4130.05234096   5217.24764169
7568.10687362   5462.06841185
1593.09030195   5410.55066195
2249.06138926   5414.66179283
757.055495848   5447.03924444
6275.34634561   5470.2140283
7732.54080408   5392.16048428
7627.58897875   5402.27825381
6624.99022746   5429.09732587
7910.96318492   5423.11998291
337.848384476   5382.69775531
337.472254993   5381.53218678
5108.79701004   5379.60768251
7885.50356576   5381.35730719
7595.2198773   5363.00438222
5259.47571099   5379.08014263
779.34458706   5617.42879149
7578.45412763   5776.42164096
337.850780879   5382.69179271
3820.9256042   5382.50718495
300.263974581   5379.97087955
4133.76195454   5210.30761668
4134.10106642   5211.03136945
4134.12486787   5211.06646917
4133.75060414   5210.33531886
4133.73222638   5210.22062174
3051.5797569   5384.36839968
2459.94846918   5377.22205409
722.45281639   5367.82832048
7660.30828097   5361.69981736
4829.74948598   5300.74662872
635.164702361   5358.83800352
443.296764095   5354.95539637
6605.17272436   5337.43983535
6276.68454457   5374.24120467
6092.53474047   5361.53882492
4981.96681894   5347.60339743
3010.46370961   5358.06986667
894.633537083   5638.88761393
7601.1263729   5356.47297715
4983.51881184   5348.71999939
3564.7172235   5359.54603699
763.431554935   5338.64904128
5174.16457839   5342.10536299
7885.85532663   5381.43706064
7832.96500644   5345.94092659
3619.50554353   5349.76055734
7947.94206306   5349.89881737
568.797542239   5438.74750923
3356.94361596   5343.04921764
1351.92705341   5346.4314917
688.134217868   5338.2810768
346.565588946   5340.02078035
346.584916442   5339.9307842
5851.70288767   5425.37626522
5506.56032039   5427.52775236
7833.29877725   5346.42562028
5037.41168028   5342.40658494
763.548491663   5338.62854354
1127.11827941   5343.95808247
4137.97889149   5210.33890881
5392.78614238   5329.06367515
7732.59685937   5391.89854348
7788.40126387   5642.08093831
5262.3727547   5376.95589736
3226.68101648   5332.05210291
746.292635565   5333.48646307
5494.74624713   5421.98987044
7356.59526901   5385.10316133
763.125466207   5338.74084536
638.229674534   5328.71754079
7815.69247241   5363.35310081
3877.60468441   5267.44599959
7979.76902265   5324.26692693
7928.43711064   5323.07621757
7928.57287163   5322.95603805
7566.87646221   5323.22259951
7049.86908075   5325.29523493
5282.70148694   5329.93789712
4828.99585199   5301.83775256
913.41783364   5324.01543534
670.578692861   5286.09033142
7614.1607361   5332.52441033
3689.87210168   5316.35830688
7877.79961319   5315.4625251
2315.39824295   5336.94353544
688.120763599   5338.26832754
627.817405113   5302.52574439
7614.16132882   5332.52525143
4438.87383262   5309.66216569
4262.10278392   5238.65864781
1805.47849441   5280.24492531
8020.71715671   5234.4705237
8021.65864637   5234.9394044
8020.62176355   5234.40956991
8019.26795095   5233.64387481
8020.38205682   5234.27339982
8020.65807216   5234.43676443
8019.98773898   5234.05112667
8021.27272256   5234.75884971
8004.67309018   5223.15609438
596.859855655   5296.8893759
3310.78765032   5296.83811166
3310.77618469   5296.82173784
5421.26114104   5222.51901924
7934.42980358   5288.34686583
3481.94817772   5297.62862818
443.269572378   5354.94759533
7493.42363105   5315.77938733
7601.12465679   5356.47436662
1879.94639617   5321.13400278
4575.95113304   5282.09201871
7935.39212645   5286.92538894
1826.40629512   5283.6490363
358.99816783   5289.71378719
1805.47100449   5280.24742153
5544.1946753   5274.54882957
4828.92685342   5302.32854504
7787.65760464   5330.29885751
1892.2788338   5272.89226132
7114.76430454   5253.64541886
6726.88744778   5264.86364616
7742.51507992   5293.67839955
7712.12786899   5290.09142825
376.266997557   5283.71701027
696.713544638   5237.91373195
7695.50188418   5420.27271654
4828.9769221   5301.93575282
4828.95365591   5302.27662486
570.844749119   5274.49586626
760.445173035   5276.95665422
7551.20654253   5665.43402892
7551.20654253   5665.43402892
7839.99843767   5276.16329148
7936.25634804   5286.01090747
2430.19025453   5234.9914126
2432.06667554   5231.77515011
569.566631332   5276.63543125
635.374483709   5358.15917367
8021.94940036   5235.08244678
7570.72151048   5291.33616838
7307.57427653   5231.26043527
7272.46910502   5252.18179248
7279.10067564   5328.38950036
776.272489682   5237.91507728
6943.1089095   5249.84201069
709.79538057   5271.22561925
7589.75612129   5279.01845952
669.066880097   5287.62623833
770.272376939   5196.60205901
7742.45423548   5418.18177658
7928.57315776   5322.9558054
569.984979151   5275.918852
7712.16400864   5289.63369612
653.06311609   5269.31871513
569.566631332   5276.63543125
7917.90388142   5255.78338854
7397.01777469   4667.35175111
3351.15448451   5334.4550856
6591.46990548   5281.87028817
6071.96571891   5244.42966691
653.062506315   5269.31851292
7905.95149209   5242.38331179
7585.84427094   5240.85860675
2770.85199516   5252.2230308
2214.61609306   5272.57002506
7254.44068719   5290.20712724
7341.32506605   5264.82067448
2430.2400842   5235.18533679
2133.31730013   5206.80015032
7027.54233828   5276.04617465
2565.24918361   5245.53761666
7905.15096688   5242.59280638
7755.60867035   5237.22278865
3994.9718404   5215.80741818
7755.60867035   5237.22278865
732.233421589   5254.52218917
513.467936928   5245.25279152
7905.06004314   5242.62503768
7871.88706761   5235.81448454
7604.76570747   5272.20621771
7348.30283283   5236.93277817
5022.15295077   5376.33489493
845.843408198   5270.2138903
732.227438334   5254.51578618
610.627055442   5235.08836524
410.624118764   5233.71745669
7631.14344219   5296.28210808
7677.77863579   5219.40270118
6262.95819421   5227.78762301
537.695310302   5224.86037528
7141.23986764   5256.76360396
4854.77978757   5232.20440856
3424.22814658   5215.55828169
5705.66704829   5218.08852553
3994.75465838   5216.01102505
700.385442956   5254.55576339
7247.53935443   5215.47557901
4543.20898873   5199.64605563
386.779245572   5226.32637699
7856.05037219   5224.83636048
4641.62763698   5223.37062309
776.322399775   5237.75837799
6809.0902648   5209.66191272
6809.27456583   5209.63167988
6807.64566282   5209.85022882
6806.08054358   5209.72606857
736.35327887   5201.1626493
4709.18843516   5218.59707164
6190.0188036   5357.42636895
3570.63659565   5215.1203005
3653.56197076   5217.71745273
3375.75524522   5216.17938113
7710.77261348   5209.43904088
1447.81954923   5219.49130137
4543.43746862   5199.4827962
6533.00625281   5201.58727933
1323.60585688   5171.19134223
2782.22191464   5196.83049085
2554.82634162   5495.08072503
5835.8437671   5209.48061182
3158.22778728   5203.13741687
1756.03114596   5198.08100204
721.401567803   5195.81259131
1176.68604979   5186.6442444
7873.63962887   5201.91271753
7761.3576195   5211.43353934
5182.95630475   5176.0404147
443.299882961   5354.97174905
602.990635259   5194.92277002
7587.85110239   5201.03062143
7733.386899   5199.14170754
5909.74122373   5182.69318585
5909.36283527   5179.49195597
5909.55029259   5181.22754317
5909.3627325   5179.49174797
5831.79097418   5040.18696641
5909.5206475   5178.06740242
5909.53946874   5178.39381859
5909.22644028   5177.44175189
544.678452156   5192.1491901
2859.78496321   5189.01472007
2860.36591393   5185.80270834
2859.89357687   5188.28690142
5590.45572788   5228.07664143
4999.40963047   5191.06642629
4795.7477372   5193.73970596
2080.43109212   5202.20868205
7715.3341118   5167.01026265
7919.32708813   5188.7055694
6883.65125635   5173.19373929
1347.30171196   5180.2686365
7800.74298224   5184.99748246
1224.52021777   5213.90293793
7781.94032022   5282.25097461
447.885586218   5191.9410996
3050.15319938   5179.24377872
682.451891722   5172.22964063
7857.09500395   5177.66907525
5348.58879717   5164.60736924
3688.91211408   5179.61389506
7767.19744734   5181.78475231
706.177000766   5160.0300492
409.830868659   5196.07333071
6748.07757185   5151.85113583
6747.33778166   5152.9091639
7638.46458941   5187.49945274
7937.61820522   5170.37658852
7903.28502905   5166.75209646
7767.19744734   5181.78475231
7715.33411837   5167.01025357
7903.28455017   5166.75440429
7901.72743953   5166.2946797
7647.81282129   5167.66463808
6393.35510077   5186.35838329
483.371689362   5141.76191474
7857.09451773   5177.66834626
727.987691157   5176.37531573
447.689446495   5192.3989001
408.55575945   5172.88525582
1149.59862278   5120.0132241
1131.24499841   5235.42731193
1146.8308594   5125.37423853
1149.69354001   5120.46243669
662.371736728   5157.22866878
466.758353268   5161.98375079
5185.46116267   1514.92787098
4168.84652259   5192.75064683
7048.37964882   4133.40501331
6923.83435472   5109.10518063
614.897702646   5159.57085301
552.751680025   5158.58264032
7151.89870534   5041.31992011
7048.85766402   5080.182478
7937.00245863   5170.49904031
6110.65864974   5082.04303802
7389.93332914   5164.01877246
7430.86149061   5138.63758207
4829.47098947   5300.90134064
2082.20894418   5138.18937313
682.451940387   5172.22968428
7971.35184861   5183.88577464
7614.4070489   5187.28511876
2942.40996912   5154.9072191
574.108895842   5109.08450647
7930.4264346   5150.85475806
7585.82545801   5240.86813955
6077.99605784   5152.39218932
5051.63872091   5153.72687346
8083.53919772   5142.77609681
5306.47043774   5127.83176835
5305.21452405   5124.4000763
5306.43763176   5127.77160683
452.040380657   5149.37238448
1978.2163331   4986.3726879
1175.74183817   5183.00336907
500.290650052   5167.8599771
8021.65672135   5234.94033623
1064.52353678   5129.60149934
662.3697826   5157.22874419
8038.83172116   5146.5488808
423.435998685   5144.8306825
578.536121599   5105.44602851
574.055621366   5108.40152125
574.322057414   5107.75123276
579.523873177   5107.22375469
574.579859639   5107.54030072
610.302128689   5105.01397558
614.500873481   5107.8499103
5399.91141214   5140.85937156
695.987136516   5143.24944823
7608.04249686   5132.03053463
7673.05108294   5136.49210974
6429.13368071   5039.3995846
1697.83027511   5118.31922712
7929.90663018   5150.61964208
570.223074012   5299.52454206
3496.35695336   5140.60908934
7769.57048177   5151.88986644
1149.65319848   5120.61882303
3295.3820308   5174.22835837
574.049442545   5108.38940201
2349.19596496   5153.24869543
4209.05130816   5181.21375585
780.806375298   5115.41703366
664.627078729   5190.57437193
4828.93706233   5302.18411268
2667.42807731   5112.50714213
7847.7190649   5123.34569201
1275.77651988   5147.81777078
827.846691349   5135.8360746
7746.2375166   5108.3128505
4704.92581599   5121.51648945
8087.27310328   5125.7935053
7840.95145721   5078.36992777
5664.67938252   5125.92466881
7627.02930664   5117.14425849
3507.72488169   5115.33941807
2958.8682139   5104.28371256
6996.33869804   5384.52954688
4674.46765907   5111.75432633
3335.05897491   5116.34615643
506.099533505   5101.86068381
4137.32981478   5207.51470979
4390.43176571   5119.83186286
2515.40234787   5120.01291571
6038.79829538   5100.27913996
4460.68644906   5102.58537315
7273.84434416   5102.48813281
752.778951908   5116.42854748
732.697952628   5079.45366114
7798.55756436   5098.35319537
4584.72511687   5099.42577393
3232.64022677   5105.23301969
1757.1093041   5118.81556505
8038.88104477   5145.69543865
7561.89997552   5218.25214979
2722.9524968   5086.90530362
6117.93373159   5209.93566912
4828.93060876   5302.06248493
4950.05327355   5095.09229479
2559.47080513   5156.02135964
996.291389765   5137.9615823
7927.27151098   5086.43031539
5641.741866   5084.84449898
714.212029931   5080.58030781
5524.68388974   5083.04132777
4828.97944082   5301.79632112
4134.67745297   5212.47138036
4828.9688788   5302.03191121
2658.61147105   5072.54005996
4635.67871744   5536.25152854
475.927736804   5082.84129854
7693.82776346   5082.59925421
7998.31972872   4760.39813721
7965.18394606   5068.6333314
7607.8457201   5081.25974225
575.414432898   5106.60700729
7971.6782881   5083.40489707
5319.95258651   5072.96836142
5319.81457325   5072.97825166
2892.65192585   5050.44835958
8078.36212202   5072.23027804
8035.21560953   5075.97149718
665.57547448   5069.128916
4247.37660909   5140.21910985
4134.67132695   5212.45894009
4738.65850524   5068.02171026
1014.4692559   5065.70301074
4802.48927203   5070.86521576
689.284699328   5088.96466213
7784.23619762   5064.64003876
7695.67155272   5063.10867994
7696.18298286   5063.90385794
4457.24173982   5060.84113403
665.650544559   5068.93767576
4825.94051025   5109.62423747
8078.36158599   5072.23289464
5306.68206001   5128.18332328
2181.54252626   5090.92691921
3606.7214998   5372.91804531
574.108014649   5109.03595605
6612.69330617   5041.8366878
6610.26632181   5040.23279896
6609.26548378   5037.94651772
6880.42986371   5058.95865367
4460.58867625   5060.78584458
8122.09428474   5044.58601922
5881.48131307   5033.63238917
7886.14890781   5051.10399574
715.183405363   5076.90057913
7881.6791953   5020.79146463
7443.09479946   5084.57726498
4134.66755401   5212.47490302
4134.67709751   5212.47032186
714.176597645   5080.45952003
3477.62717177   5045.83086302
8035.38990504   5075.77626028
7951.32382369   5047.04592333
7951.40911645   5047.00885836
8122.09431674   5044.58597302
4372.61993904   5025.24627479
4134.6885378   5212.46144581
716.699932267   5055.5398869
4737.57576508   5371.75278579
7179.61737264   5199.33758777
8121.68007623   5045.02870778
4134.67091153   5212.45924786
1299.45615129   5053.36876107
686.169798127   5044.59171514
7951.32430483   5047.04595334
4372.10017011   5021.63500945
4372.25355663   5025.64437573
4372.62901661   5024.7472707
4372.32843701   5024.09865021
4371.05273857   5027.11556456
4371.20353363   5024.79596456
548.072952879   5055.47727613
7778.76377286   5015.53235367
7075.44786381   5040.66890926
8069.92645562   4966.58568158
7954.61404257   5008.4955257
4193.22867769   5165.94037684
2661.35356015   5029.90433392
4138.02639691   5210.32005811
7485.41245392   5393.37401591
4137.48912959   5207.88882469
3558.37795327   5032.88114486
3563.42349889   5068.56846116
8105.7329653   5015.1167179
3251.53090712   5007.61920728
7504.10384386   4352.23930872
5441.38080846   5159.64714499
5552.33202179   5033.32982036
702.324843641   5027.00223493
7617.21133465   5023.96643368
4031.55978132   4988.15574258
6976.95812004   5056.92348455
4633.46640137   5025.26218157
714.620575012   5001.84263874
3061.20653815   5010.0918636
7720.38915745   5030.33360437
7644.75729111   5027.68644644
6135.83487948   5035.3240798
574.107956414   5109.03276586
723.281712143   5036.43832533
7814.18675219   5016.15187731
7814.69474457   5015.71299049
1299.91473697   5054.03557871
7751.31783475   5049.4488031
5559.02832039   5354.99633367
4243.88146642   5142.45949629
4376.22659263   5025.14001571
686.130985649   5044.65174433
748.418647842   5036.99792403
5949.5977912   4993.00950672
3127.86670672   5363.0081251
3380.06150694   5014.87967485
8140.52939252   5011.13775486
8140.30755444   5011.41702007
7972.42606934   5030.2000773
7261.13507023   5020.84708872
7097.9758163   5001.87720045
6011.78514541   4962.51945661
7886.14382544   5051.06445608
1564.67900412   5001.86050402
5423.95917783   5006.25594292
8022.82223886   5014.10706276
7904.58185742   5037.1872607
7596.06035516   4934.64002385
4558.61570655   5012.84300676
1920.63988866   5389.02059848
580.766440609   5009.78113173
2046.4539857   5092.24497374
1065.36549344   5030.34590739
6751.45849842   5016.16812245
5670.76857245   4970.64157364
7589.68170535   5001.93124131
4794.53038957   4984.06992935
5821.83548538   5009.77995799
8096.18069913   4983.54521204
7814.99501122   5014.99268905
4337.13815064   5020.64254097
8023.264274   5013.54583222
4710.95031359   4994.9840996
6462.81451775   4901.88907345
6403.43837245   4960.59981757
2684.57136363   4977.9329322
2684.56805033   4977.84893912
2684.68965873   4977.58838769
2684.52480052   4977.88309023
715.272665774   5000.75911695
3818.41525982   4988.07887193
3818.41422523   4988.20406376
7960.28755448   4838.46690731
7601.94162275   4957.47312247
6536.45694109   5017.54795279
673.196899223   4960.76377575
4134.01714365   5210.78942531
974.01890596   5140.54115386
7255.80298673   4979.17973853
8157.56522437   4984.15842474
8155.94046321   4986.46583605
8003.00168211   5025.63808629
642.998762865   4962.03326685
642.998762865   4962.03326685
6649.26163493   4923.54956655
6611.97175473   4935.19558755
6612.32243388   4934.82437768
6607.20868799   4938.65623417
6610.73327003   4936.89950244
6609.237367   4938.32334007
6613.07904719   4934.09462092
6608.57767976   4938.66194624
4794.00915788   4983.25591269
4376.22659263   5025.14001571
644.933124898   4989.43056355
522.497010941   4966.00114136
1774.56617446   5056.87602576
1699.94403198   4955.07252082
6534.91437671   4977.05659511
6861.72067977   4932.08382399
6803.93151388   4920.38068113
445.793258868   5106.79018743
7930.84545648   4977.83827913
1245.68442573   4973.17133756
7745.70996133   5108.25899051
5810.50477286   4928.84291219
5795.44410265   4964.71694878
5795.76107261   4965.39253712
5856.96957723   4913.44494549
3059.76396413   4978.31888635
8211.96187045   4978.24045494
7319.49704085   4978.72788611
6403.39097076   4960.64557888
7946.04156793   4981.45987236
7858.99816591   4968.70705342
7685.72737479   4992.55704376
5867.3588674   4930.14983566
5835.77250874   5034.29666462
6209.24910495   4966.39818085
7721.05404034   4963.72297112
7720.97805173   4963.86783814
6897.94826332   4984.75157486
6154.4928101   4927.09810917
642.958734975   4961.85754016
3290.66044589   4964.13324205
801.204033879   4953.62037511
7560.32139696   4972.28067028
1144.36131469   4985.61618464
768.960578538   4957.08061935
7370.87578123   4940.08700325
6600.65327555   4933.02645809
708.569382395   5006.07571114
7783.06284086   4955.26582156
507.266872488   5102.88004337
5738.74891677   4990.3581581
4375.49252689   4947.279115
7693.80502455   4952.26655938
7739.73789452   4976.47768768
7271.12221592   4954.23719911
5901.65743939   4957.59308144
2985.00390787   4952.18941101
7647.62881822   4920.96397436
6153.4511   4928.28643607
6154.52893582   4899.66189252
2509.8950761   4947.23413957
4382.0902058   4927.91596362
2061.12560283   4941.16712957
6311.86193773   6316.50065906
7110.75368017   4966.23038902
6962.43100226   4923.42534302
1760.46134428   4857.36066499
7568.73184859   5131.79750037
2179.50736034   4962.22251459
4780.98936428   4930.19896675
7768.96443615   4943.24103087
6434.99204566   4935.54498656
4782.12215029   4930.42272852
4782.63490243   4930.66750247
905.659654043   4872.75324649
902.909788528   4869.33114337
5217.99966347   4945.84776199
525.138669339   4953.7167948
8165.36719462   4961.28795644
7413.64637847   4927.61618174
4652.89446373   4919.01304788
687.126383019   5088.96306186
8045.55286125   4946.5632116
802.813845327   4953.13396539
801.181434708   4953.61337714
8069.02810638   4966.17670155
3864.36615595   4907.78131345
4133.73198353   5210.23470581
3859.31848881   4928.54088742
3864.2423079   4908.93348524
7596.03397323   4934.68161444
7371.00810502   4940.13934961
4874.56885444   5030.31128569
2744.39124177   4947.81676172
7738.75819276   4949.76988864
7542.43908651   4919.20463836
3419.07711502   4935.17299085
2386.42743337   5061.91983106
2646.07485417   4912.53459938
8002.50735555   4950.94747494
6403.94865976   4960.82956819
4924.38167415   4934.62952047
4781.13860501   4932.84701305
714.341300957   4972.37196566
685.621161204   4930.57000704
681.162748262   4910.33184128
6494.9952714   4933.16517086
1386.42325879   4910.38032679
7756.90069559   4930.41680897
7756.85148156   4930.41287327
6494.48071918   4933.2054481
757.992420849   4848.89813821
7238.57965175   4915.81723354
2684.4760795   4976.90338527
2630.81989986   5039.34698061
8167.38884762   4921.82008406
7892.10001357   4854.76054242
7910.39076164   4940.33954241
7053.78468156   4966.3976059
6683.08432412   4925.81896012
6548.1013846   4927.91726418
